-- building room_number capacity
SAL 210 30
OHE 100 120
OHE 120 50

-- ID prefix course# sect# #minutes #mtgsperweek #students 
20001 CSCI 101 01 110 2 40 
20002 CSCI 101 02 110 2 60 
20003 CSCI 101 03 110 2 100 
20004 CSCI 103 01 90 2 50 
20005 CSCI 103 02 90 2 50 
20006 CSCI 103 03 90 2 75 
20007 CSCI 104 01 80 2 50 
20008 CSCI 104 02 80 2 50 
20009 CSCI 109 01 90 1 25 
20010 CSCI 109 02 90 1 25 
20011 CSCI 109 03 90 1 25 
20012 CSCI 109 04 90 1 25 

-- ID days_constraint start_contraint end_constraint 
20001 MW 1000 1400 
20002 MW 1000 1400 
20003 TR 1000 1400 
20004 TR 0800 1200 
20005 TR 0800 1200 
20006 TR 0800 1200 
20007 MW 0800 1200 
20008 MW 0800 1200 
20009 M 0800 1200 
20010 M 0800 1200 
20011 T 0800 1200 
20012 T 0800 1200